1994
1993
1994
1994
1997
1997
2001
1993
2010
2008
2009
2009
1998
2004
1995
1998
1972
1988
2014
2011
2002
2011
2006
1939
2010
2016
1988
2008
1994
1957
2012
2000
2003
1999
1986
1957
2009
1995
1953
2006
2016
1998
2013
1992
1975
2004
1989
2005
2009
1974
2002
2001
2001
1994
1995
2013
1994
1984
2002
1997
1995
2006
2006
2001
2008
2000
1999
2010
1998
1965
2016
1987
1994
1995
1990
1991
1961
2004
1997
2008
1997
2001
2009
2014
1994
2010
2002
1997
1999
1994
2012
2003
2005
2008
2003
2003
2009
2010
1936
2000
1996
1993
2011
2014
1995
2002
1995
2004
1984
2011
2014
1999
1987
2013
2006
1999
2010
2004
2010
2010
2010
2003
1954
1988
2001
2007
1993
2015
2008
2004
1994
2017
2000
2003
2010
2013
2011
2011
2013
1988
1986
2004
2009
2014
2014
1993
2012
2014
2005
2016
1966
1991
1994
1990
2013
2010
2000
1993
2004
2004
2013
2015
1952
1940
1996
2016
2006
2001
2002
2001
2014
2008
1997
1950
2008
2012
2015
2006
1990
2016
2004
2009
2015
2011
2005
1998
2004
2014
2015
1987
2007
1989
2016
2002
2004
1991
1979
2000
1993
1960
2003
2015
2013
1953
1992
2015
2008
2011
1991
1999
1991
2010
2012
2007
1931
2009
2013
2007
1988
2006
1996
1982
1997
1942
2009
1971
1966
2013
1999
2015
2006
2007
2010
1995
1996
2001
2001
2011
2011
2007
2000
1996
1999
1968
2008
2001
1997
1980
2003
2002
