1994
1957
1993
1999
1994
2008
2001
1972
1974
1966
1994
1986
2003
1990
1975
2002
2010
2014
1946
2008
2013
2007
2003
1984
2016
2014
1973
2004
2012
1993
2011
1939
1975
2017
2000
1957
1995
2016
1982
1984
1941
1962
1989
1955
1940
2001
1976
1975
2001
2011
1969
2002
2000
1984
1987
2017
2009
2013
1959
2015
1995
1928
2015
2006
2013
2004
2013
1953
1966
1959
2003
1979
1966
2004
1976
1998
1986
1986
1993
1979
1996
1934
2007
2014
1993
2018
2014
2010
2009
1927
1953
2014
1940
2016
1967
2010
2003
1924
1998
1985
2003
2008
1996
1978
1982
1939
2007
1996
1954
1999
1957
2007
1926
2005
1982
2011
2013
1939
1980
2018
2015
1954
2015
2001
1957
1995
2017
1998
1957
1925
1961
2004
2009
1985
1988
1974
1949
2006
2005
2010
1963
1980
1997
1952
1959
1988
1995
2004
2005
1961
1992
1948
1950
1950
1989
2009
1997
1927
1960
2011
1965
1983
1975
2000
1997
2012
1921
1973
1948
2010
1962
2009
1987
1952
1995
1976
1944
2009
1968
2001
1971
1962
2007
1984
2004
1931
2000
2016
2016
1983
1992
1958
1995
1959
1981
1941
1984
1986
2017
2003
2012
1999
2008
1957
1997
2012
1980
1957
1964
2006
1950
1988
1940
1988
2000
1979
2006
1979
1994
2000
1981
2018
1954
1985
2014
1991
2002
2011
2006
1942
1936
1968
1931
1998
1960
1994
1999
2014
1995
2001
1998
1997
1991
1946
2002
1995
1954
1977
1999
1980
